2
0,186,185,80
1,134,137,179
2
2,125,115,113
3,138,90,105
2
4,11,109,6
5,0,29,157
1
6,10,82,42
2
7,17,187,0
8,18,192,81
2
9,140,18,58
10,52,143,130
3
11,42,138,117
12,124,106,165
13,23,4,176
1
14,199,156,71
3
15,82,175,142
16,183,8,192
17,35,155,74
3
18,67,94,155
19,59,97,0
20,50,34,89
1
21,153,2,145
2
22,90,74,190
23,72,95,84
1
24,127,182,62
2
25,144,34,12
26,184,146,11
3
27,67,148,9
28,116,49,123
29,108,40,17
1
30,46,36,160
1
31,190,87,114
2
32,166,153,10
33,183,97,91
1
34,5,179,37
3
35,77,35,103
36,131,87,199
37,20,132,33
1
38,43,2,170
2
39,175,20,191
40,180,14,149
3
41,88,21,94
42,57,150,119
43,58,39,161
2
44,171,44,150
45,105,114,31
1
46,191,118,171
2
47,125,177,89
48,45,152,98
2
49,151,98,132
50,169,144,190
2
51,15,117,126
52,134,19,122
1
53,27,51,98
3
54,70,71,142
55,151,24,163
56,173,16,60
1
57,29,84,53
1
58,45,187,70
2
59,8,96,116
60,95,189,50
3
61,132,45,43
62,67,56,192
63,152,96,50
1
64,86,188,169
1
65,41,190,66
2
66,83,18,72
67,109,173,167
1
68,140,56,6
3
69,126,130,155
70,199,37,138
71,83,4,7
3
72,166,196,122
73,154,109,138
74,83,58,155
2
75,139,169,64
76,188,148,75
3
77,82,189,154
78,92,185,40
79,87,143,84
2
80,121,81,69
81,105,123,15
2
82,76,127,122
83,81,65,62
1
84,103,170,67
2
85,2,73,145
86,129,45,110
1
87,82,31,25
3
88,16,43,74
89,170,67,187
90,174,135,5
2
91,92,47,84
92,23,155,101
2
93,47,185,122
94,191,192,188
2
95,141,87,150
96,192,113,107
3
97,176,185,21
98,188,30,175
99,196,110,199
